{
 "cells": [
  {
   "cell_type": "code",
   "execution_count": 2,
   "id": "initial_id",
   "metadata": {
    "ExecuteTime": {
     "end_time": "2025-05-14T08:39:46.791659Z",
     "start_time": "2025-05-14T08:39:46.786494Z"
    },
    "collapsed": true
   },
   "outputs": [],
   "source": [
    "import pandas as pd\n",
    "from sklearn.preprocessing import StandardScaler\n",
    "from sklearn.model_selection import train_test_split\n",
    "from sklearn.linear_model import LinearRegression\n",
    "from sklearn.metrics import mean_squared_error,mean_absolute_error,r2_score\n"
   ]
  },
  {
   "cell_type": "code",
   "execution_count": 3,
   "id": "b24c51c6a2d2b800",
   "metadata": {
    "ExecuteTime": {
     "end_time": "2025-05-14T08:39:46.846893Z",
     "start_time": "2025-05-14T08:39:46.837409Z"
    }
   },
   "outputs": [],
   "source": [
    "df = pd.read_csv('HousingData.csv')"
   ]
  },
  {
   "cell_type": "markdown",
   "id": "568e19a425e88aea",
   "metadata": {},
   "source": [
    "# Description of dataset HousingData.csv\n",
    "\n",
    "CRIM: Per capita crime rate by town\n",
    "\n",
    "ZN: Proportion of residential land zoned for lots over 25,000 sq.ft.\n",
    "\n",
    "INDUS: Proportion of non-retail business acres per town\n",
    "\n",
    "CHAS: Charles River dummy variable (= 1 if tract bounds river; 0 otherwise)\n",
    "\n",
    "NOX: Nitric oxides concentration (parts per 10 million)\n",
    "\n",
    "RM: Average number of rooms per dwelling\n",
    "\n",
    "AGE: Proportion of owner-occupied units built prior to 1940\n",
    "\n",
    "DIS: Weighted distances to five Boston employment centers\n",
    "\n",
    "RAD: Index of accessibility to radial highways\n",
    "\n",
    "TAX: Full-value property-tax rate per $10,000\n",
    "\n",
    "PTRATIO: Pupil-teacher ratio by town\n",
    "\n",
    "B: 1000(Bk - 0.63)^2, where Bk is the proportion of Black people by town\n",
    "\n",
    "LSTAT: Percentage of lower status of the population\n",
    "\n",
    "MEDV: Median value of owner-occupied homes in $1000’s (target variable)\n",
    "\n",
    "Let me know if you need further details or explanations for any of the columns!\n"
   ]
  },
  {
   "cell_type": "code",
   "execution_count": 4,
   "id": "13d46cf92205ec1a",
   "metadata": {
    "ExecuteTime": {
     "end_time": "2025-05-14T08:39:46.937658Z",
     "start_time": "2025-05-14T08:39:46.909125Z"
    }
   },
   "outputs": [
    {
     "data": {
      "text/html": [
       "<div>\n",
       "<style scoped>\n",
       "    .dataframe tbody tr th:only-of-type {\n",
       "        vertical-align: middle;\n",
       "    }\n",
       "\n",
       "    .dataframe tbody tr th {\n",
       "        vertical-align: top;\n",
       "    }\n",
       "\n",
       "    .dataframe thead th {\n",
       "        text-align: right;\n",
       "    }\n",
       "</style>\n",
       "<table border=\"1\" class=\"dataframe\">\n",
       "  <thead>\n",
       "    <tr style=\"text-align: right;\">\n",
       "      <th></th>\n",
       "      <th>CRIM</th>\n",
       "      <th>ZN</th>\n",
       "      <th>INDUS</th>\n",
       "      <th>CHAS</th>\n",
       "      <th>NOX</th>\n",
       "      <th>RM</th>\n",
       "      <th>AGE</th>\n",
       "      <th>DIS</th>\n",
       "      <th>RAD</th>\n",
       "      <th>TAX</th>\n",
       "      <th>PTRATIO</th>\n",
       "      <th>B</th>\n",
       "      <th>LSTAT</th>\n",
       "      <th>MEDV</th>\n",
       "    </tr>\n",
       "  </thead>\n",
       "  <tbody>\n",
       "    <tr>\n",
       "      <th>CRIM</th>\n",
       "      <td>1.000000</td>\n",
       "      <td>-0.191178</td>\n",
       "      <td>0.401863</td>\n",
       "      <td>-0.054355</td>\n",
       "      <td>0.417130</td>\n",
       "      <td>-0.219150</td>\n",
       "      <td>0.354342</td>\n",
       "      <td>-0.374166</td>\n",
       "      <td>0.624765</td>\n",
       "      <td>0.580595</td>\n",
       "      <td>0.281110</td>\n",
       "      <td>-0.381411</td>\n",
       "      <td>0.444943</td>\n",
       "      <td>-0.391363</td>\n",
       "    </tr>\n",
       "    <tr>\n",
       "      <th>ZN</th>\n",
       "      <td>-0.191178</td>\n",
       "      <td>1.000000</td>\n",
       "      <td>-0.531871</td>\n",
       "      <td>-0.037229</td>\n",
       "      <td>-0.513704</td>\n",
       "      <td>0.320800</td>\n",
       "      <td>-0.563801</td>\n",
       "      <td>0.656739</td>\n",
       "      <td>-0.310919</td>\n",
       "      <td>-0.312371</td>\n",
       "      <td>-0.414046</td>\n",
       "      <td>0.171303</td>\n",
       "      <td>-0.414193</td>\n",
       "      <td>0.373136</td>\n",
       "    </tr>\n",
       "    <tr>\n",
       "      <th>INDUS</th>\n",
       "      <td>0.401863</td>\n",
       "      <td>-0.531871</td>\n",
       "      <td>1.000000</td>\n",
       "      <td>0.059859</td>\n",
       "      <td>0.764866</td>\n",
       "      <td>-0.390234</td>\n",
       "      <td>0.638431</td>\n",
       "      <td>-0.711709</td>\n",
       "      <td>0.604533</td>\n",
       "      <td>0.731055</td>\n",
       "      <td>0.390954</td>\n",
       "      <td>-0.360532</td>\n",
       "      <td>0.590690</td>\n",
       "      <td>-0.481772</td>\n",
       "    </tr>\n",
       "    <tr>\n",
       "      <th>CHAS</th>\n",
       "      <td>-0.054355</td>\n",
       "      <td>-0.037229</td>\n",
       "      <td>0.059859</td>\n",
       "      <td>1.000000</td>\n",
       "      <td>0.075097</td>\n",
       "      <td>0.104885</td>\n",
       "      <td>0.078831</td>\n",
       "      <td>-0.093971</td>\n",
       "      <td>0.001468</td>\n",
       "      <td>-0.032304</td>\n",
       "      <td>-0.111304</td>\n",
       "      <td>0.051264</td>\n",
       "      <td>-0.047424</td>\n",
       "      <td>0.181391</td>\n",
       "    </tr>\n",
       "    <tr>\n",
       "      <th>NOX</th>\n",
       "      <td>0.417130</td>\n",
       "      <td>-0.513704</td>\n",
       "      <td>0.764866</td>\n",
       "      <td>0.075097</td>\n",
       "      <td>1.000000</td>\n",
       "      <td>-0.302188</td>\n",
       "      <td>0.731548</td>\n",
       "      <td>-0.769230</td>\n",
       "      <td>0.611441</td>\n",
       "      <td>0.668023</td>\n",
       "      <td>0.188933</td>\n",
       "      <td>-0.380051</td>\n",
       "      <td>0.582641</td>\n",
       "      <td>-0.427321</td>\n",
       "    </tr>\n",
       "    <tr>\n",
       "      <th>RM</th>\n",
       "      <td>-0.219150</td>\n",
       "      <td>0.320800</td>\n",
       "      <td>-0.390234</td>\n",
       "      <td>0.104885</td>\n",
       "      <td>-0.302188</td>\n",
       "      <td>1.000000</td>\n",
       "      <td>-0.247337</td>\n",
       "      <td>0.205246</td>\n",
       "      <td>-0.209847</td>\n",
       "      <td>-0.292048</td>\n",
       "      <td>-0.355501</td>\n",
       "      <td>0.128069</td>\n",
       "      <td>-0.614339</td>\n",
       "      <td>0.695360</td>\n",
       "    </tr>\n",
       "    <tr>\n",
       "      <th>AGE</th>\n",
       "      <td>0.354342</td>\n",
       "      <td>-0.563801</td>\n",
       "      <td>0.638431</td>\n",
       "      <td>0.078831</td>\n",
       "      <td>0.731548</td>\n",
       "      <td>-0.247337</td>\n",
       "      <td>1.000000</td>\n",
       "      <td>-0.744844</td>\n",
       "      <td>0.458349</td>\n",
       "      <td>0.509114</td>\n",
       "      <td>0.269226</td>\n",
       "      <td>-0.275303</td>\n",
       "      <td>0.602891</td>\n",
       "      <td>-0.394656</td>\n",
       "    </tr>\n",
       "    <tr>\n",
       "      <th>DIS</th>\n",
       "      <td>-0.374166</td>\n",
       "      <td>0.656739</td>\n",
       "      <td>-0.711709</td>\n",
       "      <td>-0.093971</td>\n",
       "      <td>-0.769230</td>\n",
       "      <td>0.205246</td>\n",
       "      <td>-0.744844</td>\n",
       "      <td>1.000000</td>\n",
       "      <td>-0.494588</td>\n",
       "      <td>-0.534432</td>\n",
       "      <td>-0.232471</td>\n",
       "      <td>0.291512</td>\n",
       "      <td>-0.493328</td>\n",
       "      <td>0.249929</td>\n",
       "    </tr>\n",
       "    <tr>\n",
       "      <th>RAD</th>\n",
       "      <td>0.624765</td>\n",
       "      <td>-0.310919</td>\n",
       "      <td>0.604533</td>\n",
       "      <td>0.001468</td>\n",
       "      <td>0.611441</td>\n",
       "      <td>-0.209847</td>\n",
       "      <td>0.458349</td>\n",
       "      <td>-0.494588</td>\n",
       "      <td>1.000000</td>\n",
       "      <td>0.910228</td>\n",
       "      <td>0.464741</td>\n",
       "      <td>-0.444413</td>\n",
       "      <td>0.479541</td>\n",
       "      <td>-0.381626</td>\n",
       "    </tr>\n",
       "    <tr>\n",
       "      <th>TAX</th>\n",
       "      <td>0.580595</td>\n",
       "      <td>-0.312371</td>\n",
       "      <td>0.731055</td>\n",
       "      <td>-0.032304</td>\n",
       "      <td>0.668023</td>\n",
       "      <td>-0.292048</td>\n",
       "      <td>0.509114</td>\n",
       "      <td>-0.534432</td>\n",
       "      <td>0.910228</td>\n",
       "      <td>1.000000</td>\n",
       "      <td>0.460853</td>\n",
       "      <td>-0.441808</td>\n",
       "      <td>0.536110</td>\n",
       "      <td>-0.468536</td>\n",
       "    </tr>\n",
       "    <tr>\n",
       "      <th>PTRATIO</th>\n",
       "      <td>0.281110</td>\n",
       "      <td>-0.414046</td>\n",
       "      <td>0.390954</td>\n",
       "      <td>-0.111304</td>\n",
       "      <td>0.188933</td>\n",
       "      <td>-0.355501</td>\n",
       "      <td>0.269226</td>\n",
       "      <td>-0.232471</td>\n",
       "      <td>0.464741</td>\n",
       "      <td>0.460853</td>\n",
       "      <td>1.000000</td>\n",
       "      <td>-0.177383</td>\n",
       "      <td>0.375966</td>\n",
       "      <td>-0.507787</td>\n",
       "    </tr>\n",
       "    <tr>\n",
       "      <th>B</th>\n",
       "      <td>-0.381411</td>\n",
       "      <td>0.171303</td>\n",
       "      <td>-0.360532</td>\n",
       "      <td>0.051264</td>\n",
       "      <td>-0.380051</td>\n",
       "      <td>0.128069</td>\n",
       "      <td>-0.275303</td>\n",
       "      <td>0.291512</td>\n",
       "      <td>-0.444413</td>\n",
       "      <td>-0.441808</td>\n",
       "      <td>-0.177383</td>\n",
       "      <td>1.000000</td>\n",
       "      <td>-0.369889</td>\n",
       "      <td>0.333461</td>\n",
       "    </tr>\n",
       "    <tr>\n",
       "      <th>LSTAT</th>\n",
       "      <td>0.444943</td>\n",
       "      <td>-0.414193</td>\n",
       "      <td>0.590690</td>\n",
       "      <td>-0.047424</td>\n",
       "      <td>0.582641</td>\n",
       "      <td>-0.614339</td>\n",
       "      <td>0.602891</td>\n",
       "      <td>-0.493328</td>\n",
       "      <td>0.479541</td>\n",
       "      <td>0.536110</td>\n",
       "      <td>0.375966</td>\n",
       "      <td>-0.369889</td>\n",
       "      <td>1.000000</td>\n",
       "      <td>-0.735822</td>\n",
       "    </tr>\n",
       "    <tr>\n",
       "      <th>MEDV</th>\n",
       "      <td>-0.391363</td>\n",
       "      <td>0.373136</td>\n",
       "      <td>-0.481772</td>\n",
       "      <td>0.181391</td>\n",
       "      <td>-0.427321</td>\n",
       "      <td>0.695360</td>\n",
       "      <td>-0.394656</td>\n",
       "      <td>0.249929</td>\n",
       "      <td>-0.381626</td>\n",
       "      <td>-0.468536</td>\n",
       "      <td>-0.507787</td>\n",
       "      <td>0.333461</td>\n",
       "      <td>-0.735822</td>\n",
       "      <td>1.000000</td>\n",
       "    </tr>\n",
       "  </tbody>\n",
       "</table>\n",
       "</div>"
      ],
      "text/plain": [
       "             CRIM        ZN     INDUS      CHAS       NOX        RM       AGE  \\\n",
       "CRIM     1.000000 -0.191178  0.401863 -0.054355  0.417130 -0.219150  0.354342   \n",
       "ZN      -0.191178  1.000000 -0.531871 -0.037229 -0.513704  0.320800 -0.563801   \n",
       "INDUS    0.401863 -0.531871  1.000000  0.059859  0.764866 -0.390234  0.638431   \n",
       "CHAS    -0.054355 -0.037229  0.059859  1.000000  0.075097  0.104885  0.078831   \n",
       "NOX      0.417130 -0.513704  0.764866  0.075097  1.000000 -0.302188  0.731548   \n",
       "RM      -0.219150  0.320800 -0.390234  0.104885 -0.302188  1.000000 -0.247337   \n",
       "AGE      0.354342 -0.563801  0.638431  0.078831  0.731548 -0.247337  1.000000   \n",
       "DIS     -0.374166  0.656739 -0.711709 -0.093971 -0.769230  0.205246 -0.744844   \n",
       "RAD      0.624765 -0.310919  0.604533  0.001468  0.611441 -0.209847  0.458349   \n",
       "TAX      0.580595 -0.312371  0.731055 -0.032304  0.668023 -0.292048  0.509114   \n",
       "PTRATIO  0.281110 -0.414046  0.390954 -0.111304  0.188933 -0.355501  0.269226   \n",
       "B       -0.381411  0.171303 -0.360532  0.051264 -0.380051  0.128069 -0.275303   \n",
       "LSTAT    0.444943 -0.414193  0.590690 -0.047424  0.582641 -0.614339  0.602891   \n",
       "MEDV    -0.391363  0.373136 -0.481772  0.181391 -0.427321  0.695360 -0.394656   \n",
       "\n",
       "              DIS       RAD       TAX   PTRATIO         B     LSTAT      MEDV  \n",
       "CRIM    -0.374166  0.624765  0.580595  0.281110 -0.381411  0.444943 -0.391363  \n",
       "ZN       0.656739 -0.310919 -0.312371 -0.414046  0.171303 -0.414193  0.373136  \n",
       "INDUS   -0.711709  0.604533  0.731055  0.390954 -0.360532  0.590690 -0.481772  \n",
       "CHAS    -0.093971  0.001468 -0.032304 -0.111304  0.051264 -0.047424  0.181391  \n",
       "NOX     -0.769230  0.611441  0.668023  0.188933 -0.380051  0.582641 -0.427321  \n",
       "RM       0.205246 -0.209847 -0.292048 -0.355501  0.128069 -0.614339  0.695360  \n",
       "AGE     -0.744844  0.458349  0.509114  0.269226 -0.275303  0.602891 -0.394656  \n",
       "DIS      1.000000 -0.494588 -0.534432 -0.232471  0.291512 -0.493328  0.249929  \n",
       "RAD     -0.494588  1.000000  0.910228  0.464741 -0.444413  0.479541 -0.381626  \n",
       "TAX     -0.534432  0.910228  1.000000  0.460853 -0.441808  0.536110 -0.468536  \n",
       "PTRATIO -0.232471  0.464741  0.460853  1.000000 -0.177383  0.375966 -0.507787  \n",
       "B        0.291512 -0.444413 -0.441808 -0.177383  1.000000 -0.369889  0.333461  \n",
       "LSTAT   -0.493328  0.479541  0.536110  0.375966 -0.369889  1.000000 -0.735822  \n",
       "MEDV     0.249929 -0.381626 -0.468536 -0.507787  0.333461 -0.735822  1.000000  "
      ]
     },
     "execution_count": 4,
     "metadata": {},
     "output_type": "execute_result"
    }
   ],
   "source": [
    "df.corr()"
   ]
  },
  {
   "cell_type": "code",
   "execution_count": 5,
   "id": "d67b963a9bb5041d",
   "metadata": {
    "ExecuteTime": {
     "end_time": "2025-05-14T08:39:47.009584Z",
     "start_time": "2025-05-14T08:39:46.999373Z"
    }
   },
   "outputs": [
    {
     "data": {
      "text/plain": [
       "CRIM       20\n",
       "ZN         20\n",
       "INDUS      20\n",
       "CHAS       20\n",
       "NOX         0\n",
       "RM          0\n",
       "AGE        20\n",
       "DIS         0\n",
       "RAD         0\n",
       "TAX         0\n",
       "PTRATIO     0\n",
       "B           0\n",
       "LSTAT      20\n",
       "MEDV        0\n",
       "dtype: int64"
      ]
     },
     "execution_count": 5,
     "metadata": {},
     "output_type": "execute_result"
    }
   ],
   "source": [
    "df.isnull().sum()"
   ]
  },
  {
   "cell_type": "code",
   "execution_count": 6,
   "id": "4f4ff4bee922210b",
   "metadata": {
    "ExecuteTime": {
     "end_time": "2025-05-14T08:39:47.111529Z",
     "start_time": "2025-05-14T08:39:47.104687Z"
    }
   },
   "outputs": [],
   "source": [
    "df.dropna(inplace=True)"
   ]
  },
  {
   "cell_type": "code",
   "execution_count": 7,
   "id": "212cf684194cac6d",
   "metadata": {
    "ExecuteTime": {
     "end_time": "2025-05-14T08:39:47.245554Z",
     "start_time": "2025-05-14T08:39:47.237246Z"
    }
   },
   "outputs": [
    {
     "data": {
      "text/plain": [
       "0"
      ]
     },
     "execution_count": 7,
     "metadata": {},
     "output_type": "execute_result"
    }
   ],
   "source": [
    "df.duplicated().sum()"
   ]
  },
  {
   "cell_type": "code",
   "execution_count": 8,
   "id": "78222b2a5c2d51a3",
   "metadata": {
    "ExecuteTime": {
     "end_time": "2025-05-14T08:39:47.418827Z",
     "start_time": "2025-05-14T08:39:47.397615Z"
    }
   },
   "outputs": [
    {
     "data": {
      "text/html": [
       "<div>\n",
       "<style scoped>\n",
       "    .dataframe tbody tr th:only-of-type {\n",
       "        vertical-align: middle;\n",
       "    }\n",
       "\n",
       "    .dataframe tbody tr th {\n",
       "        vertical-align: top;\n",
       "    }\n",
       "\n",
       "    .dataframe thead th {\n",
       "        text-align: right;\n",
       "    }\n",
       "</style>\n",
       "<table border=\"1\" class=\"dataframe\">\n",
       "  <thead>\n",
       "    <tr style=\"text-align: right;\">\n",
       "      <th></th>\n",
       "      <th>CRIM</th>\n",
       "      <th>ZN</th>\n",
       "      <th>INDUS</th>\n",
       "      <th>CHAS</th>\n",
       "      <th>NOX</th>\n",
       "      <th>RM</th>\n",
       "      <th>AGE</th>\n",
       "      <th>DIS</th>\n",
       "      <th>RAD</th>\n",
       "      <th>TAX</th>\n",
       "      <th>PTRATIO</th>\n",
       "      <th>B</th>\n",
       "      <th>LSTAT</th>\n",
       "      <th>MEDV</th>\n",
       "    </tr>\n",
       "  </thead>\n",
       "  <tbody>\n",
       "    <tr>\n",
       "      <th>0</th>\n",
       "      <td>0.00632</td>\n",
       "      <td>18.0</td>\n",
       "      <td>2.31</td>\n",
       "      <td>0.0</td>\n",
       "      <td>0.538</td>\n",
       "      <td>6.575</td>\n",
       "      <td>65.2</td>\n",
       "      <td>4.0900</td>\n",
       "      <td>1</td>\n",
       "      <td>296</td>\n",
       "      <td>15.3</td>\n",
       "      <td>396.90</td>\n",
       "      <td>4.98</td>\n",
       "      <td>24.0</td>\n",
       "    </tr>\n",
       "    <tr>\n",
       "      <th>1</th>\n",
       "      <td>0.02731</td>\n",
       "      <td>0.0</td>\n",
       "      <td>7.07</td>\n",
       "      <td>0.0</td>\n",
       "      <td>0.469</td>\n",
       "      <td>6.421</td>\n",
       "      <td>78.9</td>\n",
       "      <td>4.9671</td>\n",
       "      <td>2</td>\n",
       "      <td>242</td>\n",
       "      <td>17.8</td>\n",
       "      <td>396.90</td>\n",
       "      <td>9.14</td>\n",
       "      <td>21.6</td>\n",
       "    </tr>\n",
       "    <tr>\n",
       "      <th>2</th>\n",
       "      <td>0.02729</td>\n",
       "      <td>0.0</td>\n",
       "      <td>7.07</td>\n",
       "      <td>0.0</td>\n",
       "      <td>0.469</td>\n",
       "      <td>7.185</td>\n",
       "      <td>61.1</td>\n",
       "      <td>4.9671</td>\n",
       "      <td>2</td>\n",
       "      <td>242</td>\n",
       "      <td>17.8</td>\n",
       "      <td>392.83</td>\n",
       "      <td>4.03</td>\n",
       "      <td>34.7</td>\n",
       "    </tr>\n",
       "    <tr>\n",
       "      <th>3</th>\n",
       "      <td>0.03237</td>\n",
       "      <td>0.0</td>\n",
       "      <td>2.18</td>\n",
       "      <td>0.0</td>\n",
       "      <td>0.458</td>\n",
       "      <td>6.998</td>\n",
       "      <td>45.8</td>\n",
       "      <td>6.0622</td>\n",
       "      <td>3</td>\n",
       "      <td>222</td>\n",
       "      <td>18.7</td>\n",
       "      <td>394.63</td>\n",
       "      <td>2.94</td>\n",
       "      <td>33.4</td>\n",
       "    </tr>\n",
       "    <tr>\n",
       "      <th>5</th>\n",
       "      <td>0.02985</td>\n",
       "      <td>0.0</td>\n",
       "      <td>2.18</td>\n",
       "      <td>0.0</td>\n",
       "      <td>0.458</td>\n",
       "      <td>6.430</td>\n",
       "      <td>58.7</td>\n",
       "      <td>6.0622</td>\n",
       "      <td>3</td>\n",
       "      <td>222</td>\n",
       "      <td>18.7</td>\n",
       "      <td>394.12</td>\n",
       "      <td>5.21</td>\n",
       "      <td>28.7</td>\n",
       "    </tr>\n",
       "    <tr>\n",
       "      <th>...</th>\n",
       "      <td>...</td>\n",
       "      <td>...</td>\n",
       "      <td>...</td>\n",
       "      <td>...</td>\n",
       "      <td>...</td>\n",
       "      <td>...</td>\n",
       "      <td>...</td>\n",
       "      <td>...</td>\n",
       "      <td>...</td>\n",
       "      <td>...</td>\n",
       "      <td>...</td>\n",
       "      <td>...</td>\n",
       "      <td>...</td>\n",
       "      <td>...</td>\n",
       "    </tr>\n",
       "    <tr>\n",
       "      <th>499</th>\n",
       "      <td>0.17783</td>\n",
       "      <td>0.0</td>\n",
       "      <td>9.69</td>\n",
       "      <td>0.0</td>\n",
       "      <td>0.585</td>\n",
       "      <td>5.569</td>\n",
       "      <td>73.5</td>\n",
       "      <td>2.3999</td>\n",
       "      <td>6</td>\n",
       "      <td>391</td>\n",
       "      <td>19.2</td>\n",
       "      <td>395.77</td>\n",
       "      <td>15.10</td>\n",
       "      <td>17.5</td>\n",
       "    </tr>\n",
       "    <tr>\n",
       "      <th>500</th>\n",
       "      <td>0.22438</td>\n",
       "      <td>0.0</td>\n",
       "      <td>9.69</td>\n",
       "      <td>0.0</td>\n",
       "      <td>0.585</td>\n",
       "      <td>6.027</td>\n",
       "      <td>79.7</td>\n",
       "      <td>2.4982</td>\n",
       "      <td>6</td>\n",
       "      <td>391</td>\n",
       "      <td>19.2</td>\n",
       "      <td>396.90</td>\n",
       "      <td>14.33</td>\n",
       "      <td>16.8</td>\n",
       "    </tr>\n",
       "    <tr>\n",
       "      <th>502</th>\n",
       "      <td>0.04527</td>\n",
       "      <td>0.0</td>\n",
       "      <td>11.93</td>\n",
       "      <td>0.0</td>\n",
       "      <td>0.573</td>\n",
       "      <td>6.120</td>\n",
       "      <td>76.7</td>\n",
       "      <td>2.2875</td>\n",
       "      <td>1</td>\n",
       "      <td>273</td>\n",
       "      <td>21.0</td>\n",
       "      <td>396.90</td>\n",
       "      <td>9.08</td>\n",
       "      <td>20.6</td>\n",
       "    </tr>\n",
       "    <tr>\n",
       "      <th>503</th>\n",
       "      <td>0.06076</td>\n",
       "      <td>0.0</td>\n",
       "      <td>11.93</td>\n",
       "      <td>0.0</td>\n",
       "      <td>0.573</td>\n",
       "      <td>6.976</td>\n",
       "      <td>91.0</td>\n",
       "      <td>2.1675</td>\n",
       "      <td>1</td>\n",
       "      <td>273</td>\n",
       "      <td>21.0</td>\n",
       "      <td>396.90</td>\n",
       "      <td>5.64</td>\n",
       "      <td>23.9</td>\n",
       "    </tr>\n",
       "    <tr>\n",
       "      <th>504</th>\n",
       "      <td>0.10959</td>\n",
       "      <td>0.0</td>\n",
       "      <td>11.93</td>\n",
       "      <td>0.0</td>\n",
       "      <td>0.573</td>\n",
       "      <td>6.794</td>\n",
       "      <td>89.3</td>\n",
       "      <td>2.3889</td>\n",
       "      <td>1</td>\n",
       "      <td>273</td>\n",
       "      <td>21.0</td>\n",
       "      <td>393.45</td>\n",
       "      <td>6.48</td>\n",
       "      <td>22.0</td>\n",
       "    </tr>\n",
       "  </tbody>\n",
       "</table>\n",
       "<p>394 rows × 14 columns</p>\n",
       "</div>"
      ],
      "text/plain": [
       "        CRIM    ZN  INDUS  CHAS    NOX     RM   AGE     DIS  RAD  TAX  \\\n",
       "0    0.00632  18.0   2.31   0.0  0.538  6.575  65.2  4.0900    1  296   \n",
       "1    0.02731   0.0   7.07   0.0  0.469  6.421  78.9  4.9671    2  242   \n",
       "2    0.02729   0.0   7.07   0.0  0.469  7.185  61.1  4.9671    2  242   \n",
       "3    0.03237   0.0   2.18   0.0  0.458  6.998  45.8  6.0622    3  222   \n",
       "5    0.02985   0.0   2.18   0.0  0.458  6.430  58.7  6.0622    3  222   \n",
       "..       ...   ...    ...   ...    ...    ...   ...     ...  ...  ...   \n",
       "499  0.17783   0.0   9.69   0.0  0.585  5.569  73.5  2.3999    6  391   \n",
       "500  0.22438   0.0   9.69   0.0  0.585  6.027  79.7  2.4982    6  391   \n",
       "502  0.04527   0.0  11.93   0.0  0.573  6.120  76.7  2.2875    1  273   \n",
       "503  0.06076   0.0  11.93   0.0  0.573  6.976  91.0  2.1675    1  273   \n",
       "504  0.10959   0.0  11.93   0.0  0.573  6.794  89.3  2.3889    1  273   \n",
       "\n",
       "     PTRATIO       B  LSTAT  MEDV  \n",
       "0       15.3  396.90   4.98  24.0  \n",
       "1       17.8  396.90   9.14  21.6  \n",
       "2       17.8  392.83   4.03  34.7  \n",
       "3       18.7  394.63   2.94  33.4  \n",
       "5       18.7  394.12   5.21  28.7  \n",
       "..       ...     ...    ...   ...  \n",
       "499     19.2  395.77  15.10  17.5  \n",
       "500     19.2  396.90  14.33  16.8  \n",
       "502     21.0  396.90   9.08  20.6  \n",
       "503     21.0  396.90   5.64  23.9  \n",
       "504     21.0  393.45   6.48  22.0  \n",
       "\n",
       "[394 rows x 14 columns]"
      ]
     },
     "execution_count": 8,
     "metadata": {},
     "output_type": "execute_result"
    }
   ],
   "source": [
    "df"
   ]
  },
  {
   "cell_type": "code",
   "execution_count": 9,
   "id": "80d029c945068e04",
   "metadata": {
    "ExecuteTime": {
     "end_time": "2025-05-14T08:40:12.699378Z",
     "start_time": "2025-05-14T08:40:12.686430Z"
    }
   },
   "outputs": [],
   "source": [
    "X = df.iloc[:,:-1]\n",
    "Y = df.iloc[:,-1]"
   ]
  },
  {
   "cell_type": "code",
   "execution_count": 10,
   "id": "41fcac58a5837c3e",
   "metadata": {
    "ExecuteTime": {
     "end_time": "2025-05-14T08:40:14.547010Z",
     "start_time": "2025-05-14T08:40:14.525653Z"
    }
   },
   "outputs": [],
   "source": [
    "X_train,X_test,y_train,y_test=train_test_split(X,Y,test_size=0.2,random_state=42)\n",
    "scaler = StandardScaler()\n",
    "X_train = scaler.fit_transform(X_train)\n",
    "X_test = scaler.transform(X_test)\n",
    "\n",
    "regressor = LinearRegression()\n",
    "regressor.fit(X_train,y_train)\n",
    "y_pred = regressor.predict(X_test)\n"
   ]
  },
  {
   "cell_type": "code",
   "execution_count": 12,
   "id": "884a746555c212f0",
   "metadata": {
    "ExecuteTime": {
     "end_time": "2025-05-14T08:40:21.219261Z",
     "start_time": "2025-05-14T08:40:21.208232Z"
    }
   },
   "outputs": [
    {
     "name": "stdout",
     "output_type": "stream",
     "text": [
      "MSE: 31.454047664950842\n",
      "MAE: 3.3679832251542403\n",
      "R2 Score: 0.6270849941673194\n"
     ]
    }
   ],
   "source": [
    "print(\"MSE:\",mean_squared_error(y_test,y_pred))\n",
    "print(\"MAE:\",mean_absolute_error(y_test,y_pred))\n",
    "print(\"R2 Score:\",r2_score(y_test,y_pred))\n",
    "\n"
   ]
  },
  {
   "cell_type": "code",
   "execution_count": null,
   "id": "3898ced18e16ccfd",
   "metadata": {},
   "outputs": [],
   "source": []
  }
 ],
 "metadata": {
  "kernelspec": {
   "display_name": "base",
   "language": "python",
   "name": "python3"
  },
  "language_info": {
   "codemirror_mode": {
    "name": "ipython",
    "version": 3
   },
   "file_extension": ".py",
   "mimetype": "text/x-python",
   "name": "python",
   "nbconvert_exporter": "python",
   "pygments_lexer": "ipython3",
   "version": "3.12.7"
  }
 },
 "nbformat": 4,
 "nbformat_minor": 5
}
